Test dmm pressure

2
dmm	  3.4462  205.0248 9.4839 6.0000  0.93310 3 76 0 0 0
CH3OH 3.2462  307.69   19.235 6.0000  0.83517 2 32 0 0 2
1
2

0

0

1
2 1 2 2 2062.1 106.57

2
dmm 0.5 76 0.0 0.0 1
1 1
methanol 0.5 32 0.0 0.0 1
2 1

vle 57
303.7	66.7	0.9773
303.5	66.7	0.936
303.5	66.7	0.896
303.5	66.7	0.8771
303.6	66.7	0.8573
303.8	66.7	0.8119
304.2	66.7	0.7227
304.8	66.7	0.6322
306.1	66.7	0.4833
307.1	66.7	0.4057
307.5	66.7	0.3801
308.1	66.7	0.341
308.9	66.7	0.306
310.2	66.7	0.2535
311	66.7	0.2295
312.4	66.7	0.1947
314.3	66.7	0.1536
315.8	66.7	0.1236
317.5	66.7	0.097
319.4	66.7	0.0744
321.7	66.7	0.0518
323.3	66.7	0.0367
324.1	66.7	0.0266
324.8	66.7	0.0203
325.8	66.7	0.013
326.5	66.7	0.007
327.3	66.7	0.0024
327.4	66.7	0.0008
312.8	93.3	0.9916
312.7	93.3	0.9826
312.1	93.3	0.9123
312.3	93.3	0.8895
312.5	93.3	0.8409
312.6	93.3	0.7895
313.3	93.3	0.6711
313.9	93.3	0.5878
315.2	93.3	0.459
315.9	93.3	0.4109
317.4	93.3	0.3104
318.6	93.3	0.278
319.8	93.3	0.2418
321.7	93.3	0.1964
320.8	93.3	0.1895
322.6	93.3	0.1513
323.8	93.3	0.1501
324.5	93.3	0.1176
326.8	93.3	0.0914
326.5	93.3	0.0877
328.1	93.3	0.0672
329.8	93.3	0.0477
331.5	93.3	0.0301
331.8	93.3	0.0258
333.8	93.3	0.0093
334	93.3	0.0072
334.2	93.3	0.0054
334.5	93.3	0.0027
334.8	93.3	0.0013
