Test dmm pressure

2
dmm	  3.4462  205.0248 9.4839 6.0000  0.93310 3 76 0 0 2
0
4
CH3OH 3.2462  307.69   19.235 6.0000  0.83517 2 32 0 0 2
1
2

1
1 2 256.0399

0

2
1 2 2 1 1345.7075	151.7572
2 1 2 2 2062.1 106.57

2
dmm 0.5 76 0.0 0.0 1
1 1
methanol 0.5 32 0.0 0.0 1
2 1

vle 57
303.7	66.7	0.9773	0.0227
303.5	66.7	0.936	0.064
303.5	66.7	0.896	0.104
303.5	66.7	0.8771	0.1229
303.6	66.7	0.8573	0.1427
303.8	66.7	0.8119	0.1881
304.2	66.7	0.7227	0.2773
304.8	66.7	0.6322	0.3678
306.1	66.7	0.4833	0.5167
307.1	66.7	0.4057	0.5943
307.5	66.7	0.3801	0.6199
308.1	66.7	0.341	0.659
308.9	66.7	0.306	0.694
310.2	66.7	0.2535	0.7465
311	66.7	0.2295	0.7705
312.4	66.7	0.1947	0.8053
314.3	66.7	0.1536	0.8464
315.8	66.7	0.1236	0.8764
317.5	66.7	0.097	0.903
319.4	66.7	0.0744	0.9256
321.7	66.7	0.0518	0.9482
323.3	66.7	0.0367	0.9633
324.1	66.7	0.0266	0.9734
324.8	66.7	0.0203	0.9797
325.8	66.7	0.013	0.987
326.5	66.7	0.007	0.993
327.3	66.7	0.0024	0.9976
327.4	66.7	0.0008	0.9992
312.8	93.3	0.9916	0.0084
312.7	93.3	0.9826	0.0174
312.1	93.3	0.9123	0.0877
312.3	93.3	0.8895	0.1105
312.5	93.3	0.8409	0.1591
312.6	93.3	0.7895	0.2105
313.3	93.3	0.6711	0.3289
313.9	93.3	0.5878	0.4122
315.2	93.3	0.459	0.541
315.9	93.3	0.4109	0.5891
317.4	93.3	0.3104	0.6896
318.6	93.3	0.278	0.722
319.8	93.3	0.2418	0.7582
321.7	93.3	0.1964	0.8036
320.8	93.3	0.1895	0.8105
322.6	93.3	0.1513	0.8487
323.8	93.3	0.1501	0.8499
324.5	93.3	0.1176	0.8824
326.8	93.3	0.0914	0.9086
326.5	93.3	0.0877	0.9123
328.1	93.3	0.0672	0.9328
329.8	93.3	0.0477	0.9523
331.5	93.3	0.0301	0.9699
331.8	93.3	0.0258	0.9742
333.8	93.3	0.0093	0.9907
334	93.3	0.0072	0.9928
334.2	93.3	0.0054	0.9946
334.5	93.3	0.0027	0.9973
334.8	93.3	0.0013	0.9987